List of countries and dependencies by area
From Wikipedia, the free encyclopedia

       Sovereign    Total in km^2 Land in km^2 Water in km^2
Rank     state/        (mi^2)        (mi^2)       (mi^2)      % water
       dependency
0     World         510,072,000   148,940,000  361,132,000   70.8
                    (196,940,000) (57,510,000) (139,434,000)
1    ● Russia       17,098,246    16,377,742   720,500
                    (6,601,670)   (6,323,482)  (278,200)     4.21
–    ● Antarctica   14,000,000    14,000,000   0 (0)         0
                    (5,400,000)   (5,400,000)
2    ● Canada       9,984,670     9,093,507    891,163       8.93
                    (3,855,100)   (3,511,023)  (344,080)
3    ● China        9,596,961     9,326,410    270,550       2.82
                    (3,705,407)   (3,600,950)  (104,460)
4    ● United      9,525,067 -    9,147,593 -   377,424 -    3.96–6.97
       States      9,833,517      9,147,643     685,924
                   (3,677,649–    (3,531,905-   (145,724-
                   3,796,742)     3,531,925)    264,837)
5    ● Brazil       8,515,767     8,460,415    55,352        0.65
                    (3,287,956)   (3,266,584)  (21,372)
6    ● Australia    7,692,024     7,633,565    58,459        0.76
                    (2,969,907)   (2,947,336)  (22,571)
7    ● India        3,287,263     2,973,190    314,073       9.55
                    (1,269,219)   (1,147,960)  (121,264)
8    ● Argentina    2,780,400     2,736,690    43,710
                    (1,073,500)   (1,056,640)  (16,880)      1.57
9    ● Kazakhstan   2,724,900     2,699,700    25,200        0.92
                    (1,052,100)   (1,042,400)  (9,700)
10   ● Algeria      2,381,741     2,381,741
                    (919,595)     (919,595)    0 (0)         0
11   ● Democratic   2,344,858     2,267,048    77,810
       Republic of  (905,355)     (875,312)    (30,040)      3.32
       the Congo
-    ● Kingdom of   2,220,093     2,220,072
       Denmark      (857,183)     (857,175)    21 (8.1)      0
–    ● Greenland    2,166,086     2,166,086    0 (0)         0
       (Denmark)    (836,330)     (836,330)
12   ● Saudi Arabia 2,149,690     2,149,690
                    (830,000)     (830,000)    0 (0)         0
13   ● Mexico       1,964,375     1,943,945    20,430        1.04
                    (758,449)     (750,561)    (7,890)
14   ● Indonesia    1,910,931     1,811,569    93,000        4.87
                    (737,815)     (699,451)    (36,000)
15   ● Sudan        1,861,484     not          not           not
                    (718,723)     determined   determined    determined
16   ● Libya        1,759,540     1,759,540    0 (0)         0
                    (679,360)     (679,360)
17   ● Iran         1,648,195     1,531,595    116,600       7.07
                    (636,372)     (591,352)    (45,000)
18   ● Mongolia     1,564,110     1,553,556    10,560
                    (603,910)     (599,831)    (4,080)       0.68
19   ● Peru         1,285,216     1,279,996    5,220 (2,020) 0.41
                    (496,225)     (494,209)
20   ● Chad         1,284,000     1,259,200    24,800        1.93
                    (496,000)     (486,200)    (9,600)
21   ● Niger        1,267,000     1,266,700    300 (120)     0.02
                    (489,000)     (489,100)
22   ● Angola       1,246,700     1,246,700    0 (0)         0
                    (481,400)     (481,400)
23   ● Mali         1,240,192     1,220,190    20,002        1.61
                    (478,841)     (471,120)    (7,723)
24   ● South Africa 1,221,037     1,214,470    4,620 (1,780) 0.38
                    (471,445)     (468,910)
25   ● Colombia     1,141,748     1,038,700    100,210       8.8
                    (440,831)     (401,000)    (38,690)
26   ● Ethiopia     1,104,300     1,000,000    104,300       0.7
                    (426,400)     (390,000)    (40,300)
27   ● Bolivia      1,098,581     1,083,301    15,280        1.39
                    (424,164)     (418,265)    (5,900)
28   ● Mauritania   1,030,700     1,025,520    4,480 (1,730) 0.44
                    (398,000)     (395,960)
29   ● Egypt        1,002,450     995,450
                    (387,050)     (384,350)    6,000 (2,300) 0.6
30   ● Tanzania     945,087       885,800      61,500        6.49
                    (364,900)     (342,000)    (23,700)
31   ● Nigeria      923,768       910,768      13,000        1.41
                    (356,669)     (351,649)    (5,000)
32   ● Venezuela    916,445       882,050      30,000        3.29
                    (353,841)     (340,560)    (12,000)
33   ● Pakistan     907,132       881,912      25,220        2.86
                    (350,246)     (340,508)    (9,740)
34   ● Namibia      825,615       823,290      2,425 (936)   0.12
                    (318,772)     (317,870)
35   ● Mozambique   801,590       786,380      13,000        1.63
                    (309,500)     (303,620)    (5,000)
36   ● Turkey       783,562       769,632      13,930
                    (302,535)     (297,157)    (5,380)       1.78
37   ● Chile        756,102       743,812      12,290        1.63
                    (291,933)     (287,187)    (4,750)
38   ● Zambia       752,612       743,398      9,220 (3,560) 1.23
                    (290,585)     (287,028)
39   ● Myanmar      676,578       653,508      23,070        3.41
                    (261,228)     (252,321)    (8,910)
40   ● Afghanistan  652,230       652,230      0 (0)         0
                    (251,830)     (251,830)
41   ● South Sudan  644,329       not          not           not
                    (248,777)     determined   determined    determined
42   ● France       640,679       640,427
                    (247,368)     (247,270)    3,374 (1,303) 0.52
43   ● Somalia      637,657       627,337      10,320        1.62
                    (246,201)     (242,216)    (3,980)
     ● Central      622,984       622,984
44     African      (240,535)     (240,535)    0 (0)         0
       Republic
45   ● Ukraine      603,500       579,300      24,200        4.01
                    (233,000)     (223,700)    (9,300)
46   ● Madagascar   587,041       581,540      5,501 (2,124) 0.94
                    (226,658)     (224,530)
47   ● Botswana     581,730       566,730      15,000        2.58
                    (224,610)     (218,820)    (5,800)
48   ● Kenya        580,367       569,140      11,227        1.93
                    (224,081)     (219,750)    (4,335)
–    ● France       543,940
                    (210,020)
49   ● Yemen        527,968       527,968      0 (0)         0
                    (203,850)     (203,850)
50   ● Thailand     513,120       510,890      2,230 (860)   0.43
                    (198,120)     (197,260)
51   ● Spain        505,992       498,980      6,390 (2,470) 1.26
                    (195,365)     (192,660)
52   ● Turkmenistan 488,100       469,930      18,170        3.72
                    (188,500)     (181,440)    (7,020)
53   ● Cameroon     475,442       472,710      2,730 (1,050) 0.57
                    (183,569)     (182,510)
54   ● Papua New    462,840       452,860      9,980 (3,850) 2.16
       Guinea       (178,700)     (174,850)
55   ● Sweden       450,295       410,335      39,960
                    (173,860)     (158,431)    (15,430)      8.87
56   ● Uzbekistan   447,400       425,400      22,000        4.92
                    (172,700)     (164,200)    (8,500)
57   ● Morocco      446,550       446,300      250 (97)      0.06
                    (172,410)     (172,300)
58   ● Iraq         438,317       437,367      950 (370)     0.22
                    (169,235)     (168,868)
59   ● Paraguay     406,752       397,302      9,450 (3,650) 2.32
                    (157,048)     (153,399)
60   ● Zimbabwe     390,757       386,847      3,910 (1,510) 1
                    (150,872)     (149,362)
61   ● Norway       385,207       365,957      19,520        5.00
                    (148,729)     (141,297)    (7,540)
62   ● Japan        377,975       364,545      13,430
                    (145,937)     (140,752)    (5,190)       3.55
63   ● Germany      357,114       348,672      8,350 (3,220) 2.34
                    (137,882)     (134,623)
64   ● Republic of  342,000       341,500      500 (190)     0.15
       the Congo    (132,000)     (131,900)
65   ● Finland      338,424       303,815      34,330        10.15
                    (130,666)     (117,304)    (13,250)
66   ● Vietnam      331,212       310,070      21,140        6.38
                    (127,882)     (119,720)    (8,160)
67   ● Malaysia     330,803       329,613      1,190 (460)   0.35
                    (127,724)     (127,264)
-    ● Norway       323,802       304,282      19,520
                    (125,021)     (117,484)    (7,540)       6.03
68   ● Ivory Coast  322,463       318,003      4,460 (1,720) 1.38
                    (124,504)     (122,782)
69   ● Poland       312,696       311,888      791 (305)     3.07
                    (120,733)     (120,421)
70   ● Oman         309,500       309,500      0 (0)         0
                    (119,500)     (119,500)
71   ● Italy        301,339       294,140      7,200 (2,800) 2.39
                    (116,348)     (113,570)
72   ● Philippines  300,000       298,170      1,830 (710)   0.61
                    (120,000)     (115,120)
73   ● Ecuador      276,841       256,369      6,720 (2,590) 2.37
                    (106,889)     (98,985)
74   ● Burkina Faso 274,222       273,602      620 (240)     0.23
                    (105,878)     (105,638)
75   ● New Zealand  270,467       262,443      4,395 (1,697) 1.65
                    (104,428)     (101,330)
76   ● Gabon        267,668       257,667      10,000        3.74
                    (103,347)     (99,486)     (3,900)
-    ● Sahrawi Arab 266,000       266,000
       Democratic   (103,000)     (103,000)    0 (0)         0
       Republic
77   ● Guinea       245,857       245,717      140 (54)      0.06
                    (94,926)      (94,872)
78   ● United       242,495       241,930      1,680 (650)   0.69
       Kingdom      (93,628)      (93,410)
79   ● Uganda       241,550       197,100      43,938        18.23
                    (93,260)      (76,100)     (16,965)
80   ● Ghana        238,533       227,533      11,000        4.61
                    (92,098)      (87,851)     (4,200)
81   ● Romania      238,397       231,291      7,100 (2,700) 2.97
                    (92,046)      (89,302)
82   ● Laos         236,800       230,800      6,000 (2,300) 2.53
                    (91,400)      (89,100)
83   ● Guyana       214,969       196,849      18,120        8.43
                    (83,000)      (76,004)     (7,000)
84   ● Belarus      207,600       202,900      4,700 (1,800) 2.26
                    (80,200)      (78,300)
85   ● Kyrgyzstan   199,951       191,801      8,150 (3,150) 4.08
                    (77,202)      (74,055)
86   ● Senegal      196,722       192,530      4,192 (1,619) 2.13
                    (75,955)      (74,340)
87   ● Syria        185,180       183,630      1,550 (600)   0.84
                    (71,500)      (70,900)
88   ● Cambodia     181,035       176,515      4,520 (1,750) 2.5
                    (69,898)      (68,153)
89   ● Uruguay      176,215       175,015      1,200 (460)   0.68
                    (68,037)      (67,574)
–    ● Somaliland   176,120
                    (68,000)
90   ● Suriname     163,820       156,000      7,820 (3,020) 4.77
                    (63,250)      (60,000)
91   ● Tunisia      163,610       155,360      8,250 (3,190) 5.04
                    (63,170)      (59,980)
92   ● Bangladesh   147,570       130,168      13,830        9.6
                    (56,980)      (50,258)     (5,340)
93   ● Nepal        147,181       143,351      3,830 (1,480) 2.6
                    (56,827)      (55,348)
94   ● Tajikistan   143,100       141,510      2,590 (1,000) 1.81
                    (55,300)      (54,640)
95   ● Greece       131,957       130,647      1,310 (510)   0.99
                    (50,949)      (50,443)
96   ● Nicaragua    130,373       119,990      10,380        7.96
                    (50,337)      (46,330)     (4,010)
97   ● North Korea  120,540       120,538      2 (0.77)      0.11
                    (46,540)      (46,540)
98   ● Malawi       118,484       94,080       24,404        20.6
                    (45,747)      (36,320)     (9,422)
99   ● Eritrea      117,600       101,000      16,600        14.12
                    (45,400)      (39,000)     (6,400)
100  ● Benin        114,763       114,305      457.569       0.40
                    (44,310)      (44,133)     (176.668)
101  ● Honduras     112,492       111,890      200 (77)      0.18
                    (43,433)      (43,200)
102  ● Liberia      111,369       96,320       15,049        13.51
                    (43,000)      (37,190)     (5,810)
103  ● Bulgaria     111,002       108,612      2,390 (920)   2.16
                    (42,858)      (41,935)
104  ● Cuba         109,884       109,820      1,040 (400)   0.94
                    (42,426)      (42,400)
105  ● Guatemala    108,889       107,159      1,730 (670)   1.59
                    (42,042)      (41,374)
106  ● Iceland      103,000       100,250      2,750 (1,060) 2.67
                    (40,000)      (38,710)
107  ● South Korea  100,210       99,909       301 (116)     0.3
                    (38,690)      (38,575)
108  ● Hungary      93,028        89,608       3,420 (1,320) 3.68
                    (35,918)      (34,598)
109  ● Portugal     92,090        91,470       620 (240)     0.67
                    (35,560)      (35,320)
110  ● Jordan       89,342        88,802       540 (210)     0.6
                    (34,495)      (34,287)
111  ● Serbia       88,361        88,246
                    (34,116)      (34,072)     115 (44)      0.13
112  ● Azerbaijan   86,600        86,100       500 (190)     0.13
                    (33,400)      (33,200)
113  ● Austria      83,871        82,445       1,426 (551)   1.7
                    (32,383)      (31,832)
114  ● United Arab  83,600        83,600       0 (0)         0
       Emirates     (32,300)      (32,300)
115  ● Czech        78,865        77,247       1,620 (630)   2.05
       Republic     (30,450)      (29,825)
116  ● Panama       75,417        74,340       1,080 (420)   1.43
                    (29,119)      (28,700)
117  ● Sierra Leone 71,740        71,620       120 (46)      0.17
                    (27,700)      (27,650)
118  ● Ireland      70,273        68,883
                    (27,133)      (26,596)     1,390 (540)   1.98
119  ● Georgia      69,700        69,700       0 (0)         0
                    (26,900)      (26,900)
120  ● Sri Lanka    65,610        62,732       2,878 (1,111) 4.4
                    (25,330)      (24,221)
121  ● Lithuania    65,300        62,680       2,620 (1,010) 4.01
                    (25,200)      (24,200)
122  ● Latvia       64,559        62,249       2,340 (900)   3.62
                    (24,926)      (24,034)
–    ● Svalbard     62,045        62,045       0 (0)         0
       (Norway)     (23,956)      (23,956)
123  ● Togo         56,785        54,385       2,400 (930)   4.23
                    (21,925)      (20,998)
124  ● Croatia      56,594        55,974       620 (240)     1.1
                    (21,851)      (21,612)
125  ● Bosnia and   51,209        51,187       10 (3.9)      0.02
       Herzegovina  (19,772)      (19,763)
126  ● Costa Rica   51,100        51,060       40 (15)       0.08
                    (19,700)      (19,710)
127  ● Slovakia     49,037        48,105       930 (360)     1.9
                    (18,933)      (18,573)
128  ● Dominican    48,671        48,320       350 (140)     0.72
       Republic     (18,792)      (18,660)
129  ● Estonia      45,227        42,388       2,840 (1,100) 6.28
                    (17,462)      (16,366)
130  ● Denmark      43,094        42,434
                    (16,639)      (16,384)     660 (250)     1.53
131  ● Netherlands  41,850        33,893
                    (16,160)      (13,086)     7,650 (2,950) 18.41
132  ● Switzerland  41,284        39,997       1,280 (490)   3.1
                    (15,940)      (15,443)
133  ● Bhutan       38,394        38,394       0 (0)         0
                    (14,824)      (14,824)
–    ● Taiwan       36,193        32,260       3,720 (1,440) 10.34
                    (13,974)      (12,460)
134  ●Guinea-Bissau 36,125        28,120       8,005 (3,091) 22.16
                    (13,948)      (10,860)
135  ● Moldova      33,846        32,891       960 (370)     2.84
                    (13,068)      (12,699)
136  ● Belgium      30,528        30,278       250 (97)      0.82
                    (11,787)      (11,690)
137  ● Lesotho      30,355        30,355       0 (0)         0
                    (11,720)      (11,720)
138  ● Armenia      29,743        28,342       1,401 (541)   4.71
                    (11,484)      (10,943)
139  ● Solomon      28,896        27,986       910 (350)     3.15
     Islands        (11,157)      (10,805)
140  ● Albania      28,748        27,398       1,350 (520)   4.7
                    (11,100)      (10,578)
141  ● Equatorial   28,051        28,051       0 (0)         0
       Guinea       (10,831)      (10,831)
142  ● Burundi      27,834        25,680       2,150 (830)   7.73
                    (10,747)      (9,920)
143  ● Haiti        27,750        27,560       190 (73)      0.68
                    (10,710)      (10,640)
144  ● Rwanda       26,338        24,668       1,670 (640)   6.34
                    (10,169)      (9,524)
145  ● North        25,713        25,433       280 (110)     1.09
       Macedonia    (9,928)       (9,820)
146  ● Djibouti     23,200        23,180       20 (7.7)      0.09
                    (9,000)       (8,950)
147  ● Belize       22,966        22,806       160 (62)      0.7
                    (8,867)       (8,805)
148  ● El Salvador  21,041        20,721
                    (8,124)       (8,000)      320 (120)     1.52
149  ● Israel       20,770        20,330       440 (170)     2.12
                    (8,020)       (7,850)
150  ● Slovenia     20,273        20,151       122 (47)      0.6
                    (7,827)       (7,780)
     ● New          18,575        18,275
–      Caledonia    (7,172)       (7,056)      300 (120)     1.62
       (France)
15   ● Fiji         18,272        18,274       0 (0)         0
                    (7,055)       (7,056)
152  ● Kuwait       17,818        17,818       0 (0)         0
                    (6,880)       (6,880)
153  ● Eswatini     17,364        17,204       160 (62)      0.92
                    (6,704)       (6,643)
154  ● East Timor   14,919        14,919       0 (0)         0
                    (5,760)       (5,760)
155  ● The Bahamas  13,943        10,010       3,870 (1,490) 27.88
                    (5,383)       (3,860)
156  ● Montenegro   13,812        13,452       360 (140)     2.61
                    (5,333)       (5,194)
157  ● Vanuatu      12,189        12,189       0 (0)         0
                    (4,706)       (4,706)
-    ● Falkland     12,173        12,173       0 (0)         0
       Islands (UK) (4,700)       (4,700)
158  ● Qatar        11,586        11,586       0 (0)         0
                    (4,473)       (4,473)
–    ● Artsakh      11,458        11,458
                    (4,424)       (4,424)      1,200 (460)   1
159  ● The Gambia   11,295        10,000       1,295 (500)   11.47
                    (4,361)       (3,900)
160  ● Jamaica      10,991        10,831       160 (62)      1.46
                    (4,244)       (4,182)
–    ● Kosovo       10,887
                    (4,203)
161  ● Lebanon      10,452        10,230       170 (66)      1.63
                    (4,036)       (3,950)
162  ● Cyprus       9,251         9,241        10 (3.9)      0.11
                    (3,572)       (3,568)
-    ● Puerto Rico  9,104         9,104
       (USA)        (3,515)        (3,515)     3,054 (1,179) 35.2
–    ● Abkhazia     8,660 (3,340)
-    ● French
       Southern and 7,747         7,668        79.8 (30.8)   1.03
       Antarctic    (2,991)       (2,961)
       Lands (France)
-    ● United
       States Minor 6,959.41      34.2         6,937 (2,678) 99.68
       Outlying     (2,687.04)    (13.2)
       Islands
–    ● State of     6,020 (2,320) 6,000(2,300) 220 (85)      3.9
       Palestine
163  ● Brunei       5,765 (2,226) 5,265(2,033) 500 (190)     8.67
164  ● Trinidad and 5,130 (1,980) 5,128(1,980) 0 (0)         0
       Tobago
     ● French                     3,827
–      Polynesia    (4,167 (1,609) (1,478)     340 (130)     8.16
       France)
–    ● Transnistria 4,163 (1,607)
165  ● Cape Verde   4,033 (1,557) 4,033(1,557) 0 (0)         0
-    ● South
       Georgia and
       the South    3,903         3,903        0 (0)         0
       Sandwich     (1,507)       (1,507)
       Islands (UK)
–    ● South        3,900 (1,500)
       Ossetia
–    ● Northern     3,355 (1,295)
       Cyprus
166  ● Samoa        2,842 (1,097) 2,821(1,089) 10 (3.9)      0.35
–    ● Hong Kong    2,755 (1,064) 1,106 (427)  1,649 (637)   59.8
       (China)
167  ● Luxembourg   2,586 (998)   2,586 (998)  0 (0)         0
–    ● Bir Tawil    2,060 (800)   2,060 (800)  0 (0)         0
       (Terra nullius)
168  ● Mauritius    2,040 (790)   2,030 (780)  10 (3.9)      0.49
169  ● Comoros      1,862 (719)   1,862 (719)  0 (0)         0
     ● Åland        1,580 (610)
–      Islands
       (Finland)
     ● Faroe        1,393 (538)   1,393 (538)  Negligible    Negligible
–      Islands
       (Denmark)
170  ● São Tomé     964 (372)     964 (372)    0 (0)         0
       and Príncipe
-    ● Turks and
       Caicos Is.   948 (366)     430 (170)    0 (0)         0
       (United Kingdom)
171  ● Kiribati     811 (313)     811 (313)    0 (0)         0
172  ● Bahrain      778 (300)     778 (300)    0 (0)         0
173  ● Dominica     751 (290)     751 (290)    0 (0)         0
174  ● Tonga        747 (288)     717 (277)    30 (12)       4.02
175  ● Singapore    716 (276)     687 (265)    10 (3.9)      1.43
       Federated
176  ● States of    702 (271)     702 (271)    Negligible    Negligible
       Micronesia
177  ● Saint Lucia  616 (238)     606 (234)    10 (3.9)      1.62
-    ● Isle of Man
       (UK)         572 (221)     572 (221)    0 (0)         0
–    ● Guam (US)    549 (212)     544 (210)    0 (0)         0
178  ● Andorra      468 (181)     468 (181)    0 (0)         0
     ● Northern
–      Mariana      464 (179)     464 (179)    0 (0)         0
       Islands (US)
179  ● Palau        459 (177)     459 (177)    0 (0)         0
180  ● Seychelles   452 (175)     455 (176)    0 (0)         0
–    ● Curaçao      444 (171)     444 (171)    0 (0)         0
       (Netherlands)
181  ● Antigua and  442 (171)     442.6        0 (0)         0
     Barbuda                      (170.9)
182  ● Barbados     430 (170)     431 (166)    0 (0)         0
     ● Heard Island
–      and McDonald 412 (159)     412 (159)    0 (0)         0
       Islands (Australia)
     ● Saint
183    Vincent and  389 (150)     389 (150)    0 (0)         0
       the Grenadines
–    ● Jan Mayen    377 (146)     377 (146)    0 (0)         0
       (Norway)
-    ● U.S. Virgin  347 (134)     346 (134)    1,564 (604)   81.88
       Islands (United States)
184  ● Grenada      344 (133)     344 (133)    0 (0)         0
185  ● Malta        316 (122)     316 (122)    0 (0)         0
-    ● Saint Helena,
       Ascension    308 (119)     308 (119)    0 (0)         0
       and Tristan da Cunha (UK)
186  ● Maldives     300 (120)     298 (115)    0 (0)         0
–    ● Bonaire      294 (114)     294 (114)    0 (0)         0
       (Netherlands)
-     ● Cayman
       Islands (UK) 264 (102)     264 (102)    0 (0)         0
187  ● Saint Kitts  261 (101)     261 (101)    0 (0)         0
       and Nevis
–    ● Niue (New    260 (100)     260 (100)    0 (0)         0
       Zealand)
-    ● Akrotiri and
       Dhekelia     253.8 (98.0)  not          not           not
       (United Kingdom)           determined   determined    determined
     ● Saint Pierre
–      and Miquelon 242 (93)      242 (93)     0 (0)         0
       (France)
–    ● Cook Islands 236 (91)      236 (91)     0 (0)         0
       (New Zealand)
     ● American
–      Samoa (US)   199 (77)      199 (77)     0 (0)         0
188  ● Marshall     181 (70)      181 (70)     11,673(4,507) 98.47
       Islands
–    ● Aruba        180 (69)      180 (69)     0 (0)         0
       (Netherlands)
189  ●Liechtenstein 160 (62)      160 (62)     0 (0)         0
-    ● British
       Virgin Is.   151 (58)      151 (58)     0 (0)         0
       (United Kingdom)
-    ● Wallis and
       Futuna (FR)  142 (55)      142 (55)     0 (0)         0
-    ● Christmas Is 135 (52)      135 (52)     0 (0)         0
       (Australia)
-    ● Jersey       116 (45)      116 (45)     0 (0)         0
       (United Kingdom)
-    ● Montserrat   102 (39)      102 (39)     0 (0)         0
       (United Kingdom)
-    ● Anguilla     91 (35)       91 (35)      0 (0)         0
       (United Kingdom)
-    ● Guernsey     78 (30)       78 (30)      0 (0)         0
       (United Kingdom)
190  ● San Marino   61 (24)       61 (24)      0 (0)         0
-    ● British                                 54,340
       Indian Ocean 60 (23)       60 (23)      (20,980)      99.89
       Territory
       (United Kingdom)
–    ● Saint Martin 54 (21)       54.4 (21.0)  Negligible    Negligible
       (France)
-    ● Bermuda      54 (21)       54 (21)      0 (0)         0
       (United Kingdom)
-    ● BouvetIsland 49 (19)       49 (19)      0 (0)         0
       (Norway)
-    ● Pitcairn
       Islands (UK) 47 (18)       47 (18)      0 (0)         0
-    ● Norfolk Is.  36 (14)       36 (14)      0 (0)         0
       (Australia)
–    ● Sint Maarten 34 (13)       34 (13)      0 (0)         0
       (Netherlands)
–    ● Macau(China) 31.3 (12.1)   28.2 (10.9)  0 (0)         0
191  ● Tuvalu       26 (10)       26 (10)      0 (0)         0
192  ● Nauru        21 (8.1)      21 (8.1)     0 (0)         0
-    ● Saint                      not          not           not
       Barthélemy   21 (8.1)      determined   determined    determined
       (France)
-    ● Sint                       not          not           not
       Eustatius    21 (8.1)      determined   determined    determined
       (Netherlands)
-    ● Cocos
       (Keeling)    14 (5.4)      14 (5.4)     0 (0)         0
       Islands
       (Australia)
–    ● Saba         13 (5.0)      not          not           not
       (Netherlands)                determined   determined    determined
–    ● Tokelau      12 (4.6)      12 (4.6)     0 (0)         0
       (New Zealand)
     ● Gibraltar     6 (2.3)      6.5 (2.5)    0 (0)         0
       (United Kingdom)
-    ● Clipperton    6 (2.3)      2 (0.77)     4 (1.5)       66.67
       Island (France)
-    ● Ashmore and   5 (1.9)      5 (1.9)      0 (0)         0
       Cartier Islands (Australia)
-    ● Spratly Is.  <5 (<1.9)    <5 (<1.9)     0 (0)         0
-    ● Coral Sea    <3 (<1.2)    <3 (<1.2)     0 (0)         0
       Islands (Australia)
193  ● Monaco       2.02 (0.78)   2.02 (0.78)  0 (0)         0
194  ● Vatican City 0.44 (0.17)   0.44 (0.17)  0 (0)         0

